19 9
36
7.19922 8.2754 7.04 0.0742188
7.23633 8.31251 7.08 0.16
7.27344 8.34961 7.12 0.209922
7.27344 8.38672 7.08 0.230526
7.31055 8.42383 7.04 0.2347
7.34766 8.42383 7.04 0.209922
7.38477 8.46094 7 0.222656
7.42188 8.46094 7.04 0.222656
7.45899 8.46094 7 0.218252
7.4961 8.49805 6.96 0.222656
7.53321 8.49805 7 0.222656
7.57032 8.49805 7 0.222656
7.60743 8.49805 7 0.222656
7.64454 8.49805 7 0.222656
7.68165 8.46094 7.04 0.222656
7.71875 8.46094 7.04 0.222656
7.75586 8.46094 7.04 0.222656
7.79297 8.46094 7.04 0.2347
7.83008 8.46094 7.04 0.236592
7.86719 8.46094 7.08 0.251214
7.9043 8.46094 7.08 0.261948
7.94141 8.46094 7.08 0.282194
7.97852 8.46094 7.08 0.282194
8.01563 8.42383 7.12 0.282194
8.05274 8.42383 7.08 0.279302
8.08985 8.42383 7.12 0.282194
8.12696 8.38672 7.16 0.274182
8.16407 8.38672 7.16 0.28405
8.20118 8.38672 7.16 0.296875
8.23829 8.34961 7.2 0.324887
8.2754 8.34961 7.2 0.359457
8.31251 8.34961 7.24 0.359457
8.34961 8.31251 7.28 0.341421
8.38672 8.31251 7.28 0.381752
8.42383 8.31251 7.28 0.381752
8.46094 8.31251 7.32 0.360475
11
8.46094 8.31251 7.32 0.360475
8.49805 8.34961 7.32 0.360475
8.53516 8.34961 7.32 0.396843
8.57227 8.34961 7.32 0.381752
8.60938 8.38672 7.32 0.4
8.64649 8.42383 7.36 0.360475
8.6836 8.42383 7.36 0.4
8.72071 8.46094 7.36 0.395919
8.75782 8.49805 7.36 0.395919
8.79493 8.53516 7.36 0.353202
8.83204 8.53516 7.36 0.359457
44
8.46094 8.31251 7.32 0.360475
8.49805 8.2754 7.36 0.359457
8.53516 8.23829 7.4 0.359457
8.49805 8.20118 7.44 0.359457
8.49805 8.16407 7.48 0.353202
8.53516 8.12696 7.52 0.335685
8.57227 8.08985 7.56 0.327377
8.57227 8.05274 7.6 0.324887
8.60938 8.01563 7.64 0.335685
8.64649 7.97852 7.68 0.327377
8.64649 7.94141 7.72 0.327377
8.64649 7.94141 7.76 0.327377
8.6836 7.9043 7.8 0.327377
8.6836 7.9043 7.84 0.28405
8.72071 7.86719 7.88 0.327377
8.75782 7.83008 7.92 0.327377
8.79493 7.79297 7.96 0.28405
8.83204 7.79297 7.96 0.291791
8.86915 7.75586 8 0.327377
8.90626 7.75586 8.04 0.291791
8.94337 7.71875 8.04 0.327377
8.98047 7.71875 8.08 0.291791
9.01758 7.68165 8.08 0.327377
9.05469 7.68165 8.08 0.314884
9.0918 7.64454 8.08 0.327377
9.12891 7.64454 8.12 0.327377
9.16602 7.60743 8.12 0.335685
9.20313 7.60743 8.12 0.327377
9.24024 7.57032 8.12 0.327377
9.27735 7.57032 8.12 0.314884
9.31446 7.53321 8.12 0.327377
9.35157 7.53321 8.12 0.32
9.38868 7.4961 8.12 0.32
9.42579 7.4961 8.12 0.327377
9.4629 7.45899 8.12 0.335685
9.50001 7.42188 8.12 0.311785
9.53712 7.42188 8.12 0.314884
9.57422 7.38477 8.12 0.327377
9.61133 7.38477 8.08 0.327377
9.64844 7.34766 8.08 0.314884
9.68555 7.31055 8.08 0.327377
9.72266 7.27344 8.04 0.335685
9.75977 7.27344 8.04 0.335685
9.79688 7.23633 8.04 0.327377
35
10.0195 9.57422 6.96 0.263946
9.98243 9.53712 6.96 0.261948
9.98243 9.50001 7 0.282194
9.94532 9.4629 7.04 0.263946
9.90821 9.42579 7.04 0.261948
9.8711 9.38868 7.04 0.282194
9.83399 9.35157 7.04 0.314884
9.79688 9.31446 7.04 0.314884
9.75977 9.27735 7.08 0.251214
9.72266 9.27735 7.04 0.327377
9.68555 9.24024 7.04 0.327377
9.64844 9.20313 7.04 0.327377
9.61133 9.16602 7.04 0.327377
9.57422 9.12891 7.04 0.291791
9.53712 9.0918 7.04 0.291791
9.50001 9.0918 7.08 0.251214
9.4629 9.05469 7.04 0.327377
9.42579 9.01758 7.04 0.327377
9.38868 8.98047 7.04 0.282194
9.35157 8.98047 7.04 0.263946
9.31446 8.94337 7.08 0.251214
9.27735 8.94337 7.08 0.263946
9.24024 8.90626 7.08 0.282194
9.20313 8.86915 7.08 0.274182
9.16602 8.86915 7.12 0.263946
9.12891 8.83204 7.12 0.327377
9.0918 8.79493 7.12 0.261948
9.05469 8.79493 7.16 0.274182
9.01758 8.75782 7.2 0.282194
9.01758 8.72071 7.2 0.274182
8.98047 8.6836 7.24 0.282194
8.94337 8.6836 7.24 0.291791
8.90626 8.64649 7.28 0.327377
8.86915 8.60938 7.32 0.311785
8.86915 8.57227 7.36 0.353202
87
11.8008 8.98047 7.08 0.131973
11.7637 9.01758 7.08 0.131973
11.7266 9.05469 7.08 0.131973
11.6895 9.0918 7.08 0.16
11.6524 9.12891 7.08 0.131973
11.6152 9.12891 7.08 0.131973
11.5781 9.16602 7.08 0.131973
11.541 9.16602 7.08 0.109126
11.5039 9.16602 7.08 0.109126
11.4668 9.16602 7.08 0.109126
11.4297 9.16602 7.04 0.109126
11.3926 9.16602 7.04 0.109126
11.3555 9.12891 7.04 0.131973
11.3184 9.0918 7.04 0.109126
11.2813 9.05469 7.08 0.109126
11.2441 9.05469 7.08 0.131973
11.207 9.01758 7.12 0.131973
11.207 8.98047 7.16 0.148438
11.207 8.98047 7.2 0.148438
11.207 8.98047 7.24 0.148438
11.207 8.98047 7.28 0.148438
11.1699 8.98047 7.32 0.148438
11.1699 8.98047 7.36 0.168623
11.1699 8.98047 7.4 0.168623
11.1328 9.01758 7.44 0.168623
11.1328 9.01758 7.48 0.168623
11.0957 9.05469 7.52 0.168623
11.0586 9.05469 7.52 0.168623
11.0215 9.0918 7.56 0.168623
10.9844 9.0918 7.56 0.165958
10.9473 9.12891 7.56 0.176376
10.9102 9.16602 7.6 0.148438
10.8731 9.16602 7.64 0.16
10.8359 9.16602 7.6 0.168623
10.7988 9.16602 7.6 0.168623
10.7617 9.16602 7.6 0.176376
10.7246 9.16602 7.64 0.168623
10.6875 9.16602 7.64 0.176376
10.6504 9.16602 7.6 0.16
10.6133 9.16602 7.6 0.16
10.5762 9.16602 7.6 0.16
10.5391 9.16602 7.6 0.16
10.502 9.12891 7.6 0.16
10.4649 9.12891 7.6 0.16
10.4277 9.12891 7.6 0.16
10.3906 9.0918 7.6 0.16
10.3535 9.0918 7.6 0.16
10.3164 9.0918 7.6 0.16
10.2793 9.05469 7.6 0.16
10.2422 9.05469 7.6 0.16
10.2051 9.05469 7.6 0.16
10.168 9.05469 7.6 0.16
10.1309 9.01758 7.6 0.16
10.0938 9.01758 7.6 0.16
10.0566 9.01758 7.6 0.176376
10.0195 9.01758 7.6 0.176376
9.98243 9.01758 7.6 0.16
9.94532 8.98047 7.6 0.148438
9.90821 8.98047 7.64 0.16
9.8711 8.98047 7.64 0.16
9.83399 8.98047 7.64 0.131973
9.79688 8.94337 7.68 0.131973
9.75977 8.94337 7.68 0.16
9.72266 8.94337 7.68 0.16
9.68555 8.90626 7.68 0.16
9.64844 8.90626 7.72 0.16
9.61133 8.90626 7.72 0.16
9.57422 8.86915 7.72 0.168623
9.53712 8.86915 7.72 0.176376
9.50001 8.86915 7.72 0.176376
9.4629 8.83204 7.72 0.176376
9.42579 8.83204 7.68 0.176376
9.38868 8.83204 7.68 0.176376
9.35157 8.79493 7.68 0.218252
9.31446 8.79493 7.68 0.218252
9.27735 8.79493 7.68 0.176376
9.24024 8.75782 7.64 0.176376
9.20313 8.75782 7.64 0.176376
9.16602 8.72071 7.64 0.176376
9.12891 8.6836 7.6 0.168623
9.0918 8.72071 7.6 0.168623
9.05469 8.6836 7.56 0.176376
9.01758 8.64649 7.52 0.176376
8.98047 8.60938 7.52 0.176376
8.94337 8.60938 7.48 0.218252
8.90626 8.57227 7.44 0.282194
8.86915 8.57227 7.4 0.335685
59
11.875 6.90235 7.56 0.104961
11.875 6.93946 7.6 0.104961
11.8379 6.97657 7.6 0.131973
11.8379 7.01368 7.64 0.131973
11.8008 7.05079 7.68 0.131973
11.7637 7.0879 7.72 0.165958
11.7266 7.125 7.76 0.148438
11.6895 7.125 7.8 0.168623
11.6524 7.125 7.8 0.165958
11.6152 7.125 7.84 0.148438
11.5781 7.16211 7.88 0.148438
11.541 7.16211 7.92 0.131973
11.5039 7.16211 7.92 0.148438
11.4668 7.125 7.92 0.148438
11.4297 7.125 7.96 0.148438
11.3926 7.125 7.96 0.148438
11.3555 7.125 7.96 0.148438
11.3184 7.125 7.96 0.131973
11.2813 7.125 8 0.109126
11.2441 7.0879 7.96 0.131973
11.207 7.0879 7.96 0.131973
11.1699 7.0879 8 0.109126
11.1328 7.0879 8 0.131973
11.0957 7.0879 8 0.16
11.0586 7.0879 8 0.16
11.0215 7.0879 8 0.16
10.9844 7.0879 8 0.16
10.9473 7.0879 8 0.16
10.9102 7.0879 8 0.16
10.8731 7.0879 8 0.16
10.8359 7.0879 8.04 0.16
10.7988 7.0879 8.04 0.16
10.7617 7.0879 8.04 0.148438
10.7246 7.0879 8.04 0.148438
10.6875 7.0879 8.04 0.148438
10.6504 7.125 8.04 0.148438
10.6133 7.125 8.04 0.168623
10.5762 7.125 8.04 0.168623
10.5391 7.125 8.04 0.165958
10.502 7.16211 8.04 0.176376
10.4649 7.16211 8.04 0.168623
10.4277 7.16211 8.08 0.16
10.3906 7.19922 8.04 0.176376
10.3535 7.19922 8.08 0.165958
10.3164 7.23633 8.08 0.148438
10.2793 7.23633 8.08 0.165958
10.2422 7.23633 8.12 0.131973
10.2051 7.27344 8.08 0.16
10.168 7.27344 8.08 0.131973
10.1309 7.27344 8.12 0.109126
10.0938 7.27344 8.12 0.109126
10.0566 7.27344 8.12 0.109126
10.0195 7.27344 8.12 0.109126
9.98243 7.31055 8.08 0.131973
9.94532 7.31055 8.08 0.16
9.90821 7.27344 8.08 0.168623
9.8711 7.27344 8.08 0.184234
9.83399 7.27344 8.08 0.230526
9.79688 7.23633 8.04 0.327377
6
9.8711 7.05079 7.88 0.327377
9.8711 7.0879 7.92 0.327377
9.83399 7.125 7.96 0.314884
9.83399 7.16211 7.96 0.327377
9.79688 7.19922 8 0.327377
9.79688 7.23633 8.04 0.327377
175
10.6504 10.2793 1.92 0.0742188
10.6133 10.2422 1.88 0.109126
10.5762 10.2051 1.88 0.109126
10.5391 10.168 1.88 0.109126
10.502 10.1309 1.88 0.109126
10.4649 10.0938 1.92 0.08
10.4277 10.0566 1.92 0.104961
10.3906 10.0566 1.96 0.08
10.3535 10.0195 1.92 0.104961
10.3164 10.0195 1.96 0.104961
10.2793 10.0195 2 0.08
10.2422 10.0195 2 0.109126
10.2051 10.0195 2 0.109126
10.168 10.0195 2 0.109126
10.1309 10.0195 2.04 0.109126
10.0938 10.0195 2.04 0.109126
10.0566 10.0195 2.04 0.104961
10.0195 10.0566 2.08 0.109126
9.98243 10.0566 2.08 0.109126
9.94532 10.0566 2.12 0.104961
9.90821 10.0938 2.12 0.109126
9.8711 10.0938 2.16 0.109126
9.83399 10.1309 2.16 0.109126
9.79688 10.1309 2.16 0.109126
9.75977 10.168 2.2 0.109126
9.72266 10.168 2.24 0.109126
9.68555 10.168 2.24 0.131973
9.64844 10.168 2.24 0.131973
9.61133 10.2051 2.28 0.131973
9.57422 10.2051 2.32 0.148438
9.53712 10.2051 2.36 0.148438
9.50001 10.2422 2.4 0.165958
9.50001 10.2422 2.44 0.148438
9.4629 10.2793 2.48 0.168623
9.4629 10.2793 2.52 0.148438
9.42579 10.3164 2.56 0.148438
9.42579 10.3164 2.6 0.148438
9.38868 10.3164 2.64 0.148438
9.38868 10.3164 2.68 0.165958
9.38868 10.3535 2.72 0.148438
9.35157 10.3906 2.76 0.168623
9.35157 10.3906 2.8 0.209922
9.35157 10.3906 2.84 0.209922
9.35157 10.4277 2.88 0.209922
9.35157 10.4277 2.92 0.165958
9.35157 10.4649 2.96 0.165958
9.35157 10.4649 3 0.165958
9.35157 10.502 3.04 0.165958
9.35157 10.502 3.08 0.165958
9.35157 10.502 3.12 0.165958
9.35157 10.5391 3.16 0.165958
9.35157 10.5391 3.2 0.165958
9.35157 10.5391 3.24 0.209922
9.35157 10.5391 3.28 0.165958
9.35157 10.5762 3.32 0.165958
9.38868 10.6133 3.36 0.165958
9.38868 10.6133 3.4 0.168623
9.38868 10.6504 3.44 0.165958
9.42579 10.6875 3.48 0.165958
9.42579 10.6875 3.52 0.165958
9.4629 10.7246 3.56 0.165958
9.4629 10.7246 3.6 0.165958
9.50001 10.7617 3.64 0.148438
9.4629 10.7617 3.68 0.148438
9.50001 10.7617 3.72 0.165958
9.53712 10.7988 3.76 0.148438
9.50001 10.7988 3.8 0.148438
9.53712 10.7988 3.84 0.148438
9.53712 10.8359 3.88 0.148438
9.53712 10.8359 3.92 0.148438
9.57422 10.8359 3.96 0.148438
9.57422 10.8359 4 0.131973
9.61133 10.8731 4.04 0.131973
9.61133 10.8731 4.08 0.148438
9.61133 10.8731 4.12 0.148438
9.64844 10.8731 4.16 0.131973
9.64844 10.8731 4.2 0.131973
9.64844 10.8731 4.24 0.109126
9.68555 10.8359 4.28 0.109126
9.68555 10.8359 4.32 0.104961
9.68555 10.8359 4.36 0.131973
9.68555 10.8359 4.4 0.148438
9.68555 10.8359 4.44 0.131973
9.68555 10.8731 4.48 0.109126
9.72266 10.8731 4.52 0.109126
9.72266 10.8731 4.56 0.131973
9.72266 10.8731 4.6 0.131973
9.75977 10.8731 4.64 0.131973
9.75977 10.8731 4.68 0.131973
9.75977 10.9102 4.72 0.109126
9.75977 10.9102 4.76 0.104961
9.79688 10.8731 4.8 0.131973
9.83399 10.8731 4.84 0.104961
9.83399 10.8731 4.88 0.104961
9.83399 10.8731 4.92 0.131973
9.8711 10.8731 4.96 0.104961
9.8711 10.8731 5 0.131973
9.90821 10.8731 5.04 0.104961
9.90821 10.8731 5.08 0.131973
9.94532 10.8359 5.12 0.131973
9.98243 10.8359 5.16 0.131973
9.98243 10.8359 5.2 0.148438
9.98243 10.8359 5.24 0.148438
9.98243 10.8359 5.28 0.148438
9.98243 10.8359 5.32 0.148438
9.98243 10.8359 5.36 0.131973
10.0195 10.8359 5.4 0.104961
10.0195 10.8359 5.44 0.131973
10.0195 10.8359 5.48 0.148438
10.0195 10.8359 5.52 0.148438
10.0195 10.8359 5.56 0.131973
10.0195 10.8731 5.6 0.131973
10.0195 10.8731 5.64 0.148438
10.0195 10.8731 5.68 0.131973
10.0195 10.9102 5.72 0.131973
9.98243 10.9473 5.76 0.131973
9.98243 10.9473 5.8 0.131973
9.98243 10.9844 5.84 0.104961
9.98243 10.9844 5.88 0.131973
9.94532 10.9844 5.92 0.148438
9.94532 11.0215 5.96 0.131973
9.94532 11.0215 6 0.165958
9.90821 11.0215 6.04 0.165958
9.90821 11.0586 6.08 0.168623
9.90821 11.0586 6.12 0.209922
9.90821 11.0586 6.16 0.165958
9.8711 11.0586 6.2 0.184234
9.8711 11.0586 6.24 0.209922
9.8711 11.0586 6.28 0.209922
9.83399 11.0586 6.32 0.184234
9.83399 11.0586 6.36 0.209922
9.83399 11.0586 6.4 0.209922
9.83399 11.0586 6.44 0.165958
9.79688 11.0215 6.48 0.184234
9.79688 10.9844 6.52 0.184234
9.79688 10.9844 6.56 0.184234
9.79688 10.9473 6.6 0.184234
9.83399 10.9102 6.64 0.165958
9.83399 10.8731 6.68 0.165958
9.8711 10.8359 6.72 0.16
9.8711 10.7988 6.72 0.176376
9.8711 10.7617 6.76 0.148438
9.90821 10.7246 6.76 0.16
9.90821 10.6875 6.76 0.16
9.94532 10.6504 6.76 0.16
9.94532 10.6133 6.76 0.16
9.98243 10.5762 6.76 0.131973
9.98243 10.5391 6.76 0.131973
9.98243 10.502 6.72 0.131973
10.0195 10.4649 6.72 0.131973
10.0566 10.4277 6.72 0.131973
10.0566 10.3906 6.72 0.16
10.0566 10.3535 6.68 0.176376
10.0566 10.3164 6.68 0.176376
10.0566 10.2793 6.68 0.176376
10.0566 10.2422 6.68 0.16
10.0195 10.2051 6.68 0.148438
10.0195 10.168 6.68 0.148438
10.0195 10.1309 6.68 0.148438
10.0195 10.0938 6.64 0.168623
10.0195 10.0566 6.68 0.16
10.0195 10.0195 6.68 0.16
10.0195 9.98243 6.68 0.148438
9.98243 9.94532 6.72 0.148438
9.98243 9.90821 6.68 0.168623
9.98243 9.8711 6.68 0.168623
9.98243 9.83399 6.72 0.148438
9.98243 9.79688 6.72 0.148438
9.94532 9.75977 6.76 0.148438
9.98243 9.72266 6.76 0.148438
9.98243 9.68555 6.8 0.148438
9.98243 9.64844 6.84 0.165958
9.98243 9.61133 6.88 0.184234
9.98243 9.61133 6.92 0.209922
10.0195 9.57422 6.96 0.263946
158
13.3965 9.42579 2.92 0.184234
13.3594 9.4629 2.88 0.218252
13.3223 9.4629 2.88 0.218252
13.2852 9.50001 2.84 0.218252
13.2481 9.50001 2.84 0.218252
13.2109 9.53712 2.8 0.218252
13.1738 9.53712 2.8 0.218252
13.1367 9.57422 2.76 0.218252
13.0996 9.57422 2.76 0.218252
13.0625 9.61133 2.72 0.218252
13.0254 9.61133 2.72 0.218252
12.9883 9.61133 2.72 0.218252
12.9512 9.64844 2.72 0.218252
12.9141 9.64844 2.72 0.218252
12.877 9.64844 2.76 0.218252
12.8399 9.68555 2.76 0.218252
12.8027 9.68555 2.8 0.184234
12.8027 9.68555 2.84 0.165958
12.7656 9.72266 2.88 0.148438
12.7656 9.72266 2.92 0.148438
12.7656 9.75977 2.96 0.131973
12.7656 9.75977 3 0.148438
12.7656 9.75977 3.04 0.148438
12.7656 9.79688 3.08 0.165958
12.7656 9.79688 3.12 0.165958
12.7656 9.83399 3.16 0.148438
12.8027 9.83399 3.2 0.168623
12.8027 9.83399 3.24 0.165958
12.8027 9.8711 3.28 0.168623
12.8027 9.90821 3.32 0.168623
12.8027 9.94532 3.36 0.168623
12.8027 9.98243 3.4 0.109126
12.7656 10.0195 3.44 0.104961
12.7656 10.0566 3.44 0.109126
12.7285 10.0938 3.44 0.131973
12.7285 10.1309 3.44 0.131973
12.6914 10.168 3.44 0.131973
12.6543 10.2051 3.44 0.16
12.6172 10.2422 3.44 0.16
12.5801 10.2422 3.44 0.165958
12.543 10.2793 3.44 0.16
12.5059 10.3164 3.4 0.176376
12.4688 10.3164 3.4 0.165958
12.4316 10.3535 3.36 0.165958
12.3945 10.3906 3.36 0.176376
12.3574 10.4277 3.32 0.176376
12.3203 10.4277 3.32 0.176376
12.2832 10.4277 3.32 0.176376
12.2461 10.4277 3.32 0.165958
12.209 10.4649 3.28 0.209922
12.1719 10.502 3.28 0.176376
12.1348 10.502 3.28 0.176376
12.0977 10.5391 3.28 0.176376
12.0606 10.5391 3.28 0.176376
12.0234 10.5391 3.28 0.176376
11.9863 10.5762 3.32 0.16
11.9492 10.5762 3.32 0.165958
11.9121 10.6133 3.36 0.131973
11.875 10.6133 3.36 0.131973
11.8379 10.6504 3.4 0.131973
11.8008 10.6875 3.44 0.109126
11.7637 10.7246 3.48 0.109126
11.7266 10.7617 3.52 0.109126
11.6895 10.7617 3.56 0.148438
11.6524 10.7617 3.6 0.168623
11.6152 10.7988 3.64 0.168623
11.6152 10.7988 3.68 0.165958
11.5781 10.7988 3.72 0.165958
11.5781 10.7988 3.76 0.165958
11.541 10.8359 3.8 0.168623
11.541 10.8359 3.84 0.209922
11.541 10.8359 3.88 0.168623
11.5039 10.8359 3.92 0.165958
11.5039 10.8731 3.96 0.168623
11.4668 10.8731 4 0.209922
11.4668 10.8731 4.04 0.209922
11.4668 10.8731 4.08 0.168623
11.4297 10.8731 4.12 0.165958
11.4297 10.8731 4.16 0.165958
11.4297 10.8359 4.2 0.165958
11.4297 10.8359 4.24 0.184234
11.4297 10.8359 4.28 0.168623
11.4297 10.7988 4.32 0.168623
11.4297 10.7988 4.36 0.218252
11.4297 10.7988 4.4 0.168623
11.3926 10.7988 4.44 0.165958
11.3926 10.7617 4.48 0.184234
11.3926 10.7617 4.52 0.209922
11.3926 10.7617 4.56 0.184234
11.3555 10.7617 4.6 0.209922
11.3555 10.7617 4.64 0.184234
11.3555 10.7617 4.68 0.165958
11.3184 10.7617 4.72 0.218252
11.3184 10.7617 4.76 0.165958
11.3184 10.7617 4.8 0.168623
11.2813 10.7617 4.84 0.165958
11.2813 10.7617 4.88 0.168623
11.2441 10.7246 4.92 0.184234
11.2441 10.7246 4.96 0.209922
11.2441 10.7246 5 0.165958
11.207 10.7246 5.04 0.218252
11.207 10.7246 5.08 0.168623
11.1699 10.7246 5.12 0.218252
11.1699 10.7246 5.16 0.209922
11.1328 10.6875 5.2 0.218252
11.1328 10.6875 5.24 0.222656
11.1328 10.6875 5.28 0.184234
11.0957 10.6504 5.32 0.22465
11.0957 10.6504 5.36 0.22465
11.0586 10.6504 5.4 0.218252
11.0586 10.6133 5.44 0.22465
11.0586 10.6133 5.48 0.222656
11.0215 10.6133 5.52 0.218252
11.0215 10.5762 5.56 0.22465
11.0215 10.5762 5.6 0.218252
10.9844 10.5762 5.64 0.209922
10.9844 10.5391 5.68 0.230526
10.9473 10.5391 5.72 0.209922
10.9473 10.502 5.76 0.263946
10.9473 10.502 5.8 0.218252
10.9102 10.4649 5.84 0.263946
10.9102 10.4649 5.88 0.218252
10.8731 10.4277 5.92 0.218252
10.8359 10.3906 5.96 0.263946
10.8359 10.3535 6 0.218252
10.7988 10.3535 6.04 0.218252
10.7617 10.3164 6.08 0.22465
10.7617 10.2793 6.12 0.263946
10.7617 10.2793 6.16 0.218252
10.7246 10.2422 6.2 0.209922
10.7246 10.2051 6.24 0.263946
10.7246 10.168 6.28 0.263946
10.7246 10.168 6.32 0.218252
10.7246 10.1309 6.36 0.230526
10.6875 10.0938 6.4 0.263946
10.6875 10.0938 6.44 0.22465
10.6875 10.0566 6.48 0.230526
10.6504 10.0195 6.52 0.263946
10.6504 10.0195 6.56 0.230526
10.6133 9.98243 6.6 0.263946
10.5762 9.94532 6.64 0.263946
10.5762 9.94532 6.68 0.230526
10.5391 9.90821 6.72 0.22465
10.502 9.90821 6.76 0.230526
10.4649 9.8711 6.8 0.263946
10.4277 9.8711 6.84 0.218252
10.3906 9.83399 6.88 0.218252
10.3906 9.79688 6.88 0.218252
10.3535 9.75977 6.92 0.191355
10.3164 9.72266 6.92 0.218252
10.2793 9.68555 6.96 0.191355
10.2422 9.64844 6.96 0.209922
10.2051 9.64844 7 0.230526
10.168 9.61133 7 0.263946
10.1309 9.61133 7 0.263946
10.0938 9.57422 7 0.263946
10.0566 9.53712 7 0.263946
10.0195 9.57422 6.96 0.263946
34
9.75977 5.86329 6.68 0.109126
9.75977 5.90039 6.72 0.104961
9.79688 5.9375 6.76 0.0742188
9.79688 5.97461 6.8 0.0742188
9.79688 6.01172 6.84 0.0742188
9.79688 6.04883 6.88 0.0742188
9.79688 6.08594 6.92 0.0742188
9.79688 6.12305 6.96 0.104961
9.79688 6.16016 7 0.104961
9.79688 6.19727 7.04 0.104961
9.79688 6.23438 7.08 0.104961
9.79688 6.27149 7.12 0.104961
9.79688 6.3086 7.16 0.104961
9.79688 6.34571 7.2 0.104961
9.79688 6.38282 7.24 0.104961
9.79688 6.41993 7.24 0.131973
9.79688 6.45704 7.28 0.131973
9.79688 6.49414 7.32 0.109126
9.79688 6.53125 7.32 0.131973
9.79688 6.56836 7.36 0.131973
9.79688 6.60547 7.4 0.131973
9.75977 6.64258 7.4 0.148438
9.75977 6.67969 7.44 0.148438
9.75977 6.7168 7.48 0.165958
9.75977 6.75391 7.52 0.165958
9.75977 6.79102 7.56 0.165958
9.75977 6.82813 7.56 0.209922
9.75977 6.86524 7.6 0.209922
9.75977 6.86524 7.64 0.165958
9.75977 6.90235 7.68 0.165958
9.79688 6.93946 7.72 0.165958
9.79688 6.97657 7.76 0.218252
9.83399 7.01368 7.8 0.22465
9.8711 7.01368 7.84 0.296875
30
10.7988 5.9375 7.68 0.22465
10.7617 5.97461 7.68 0.230526
10.7246 6.01172 7.68 0.230526
10.6875 6.04883 7.68 0.230526
10.6504 6.08594 7.68 0.22465
10.6504 6.12305 7.68 0.24
10.6133 6.16016 7.68 0.230526
10.5762 6.19727 7.68 0.230526
10.5391 6.23438 7.68 0.230526
10.502 6.27149 7.68 0.22465
10.4649 6.3086 7.68 0.218252
10.4649 6.34571 7.72 0.191355
10.4277 6.38282 7.72 0.218252
10.3906 6.41993 7.72 0.230526
10.3535 6.45704 7.72 0.230526
10.3164 6.49414 7.72 0.230526
10.2793 6.53125 7.72 0.263946
10.2422 6.56836 7.72 0.263946
10.2422 6.60547 7.76 0.263946
10.2051 6.64258 7.76 0.263946
10.168 6.67969 7.76 0.282194
10.168 6.7168 7.8 0.263946
10.1309 6.75391 7.8 0.2676
10.0938 6.79102 7.8 0.282194
10.0566 6.82813 7.84 0.282194
10.0195 6.86524 7.84 0.282194
10.0195 6.90235 7.84 0.282194
9.98243 6.93946 7.88 0.282194
9.94532 6.97657 7.88 0.327377
9.90821 7.01368 7.88 0.324887
51
14.2129 7.64454 2.4 0.109126
14.1758 7.68165 2.4 0.109126
14.1758 7.71875 2.36 0.109126
14.1387 7.75586 2.36 0.109126
14.1016 7.79297 2.36 0.109126
14.0645 7.83008 2.36 0.104961
14.0645 7.86719 2.32 0.109126
14.0274 7.9043 2.32 0.104961
14.0274 7.94141 2.32 0.109126
13.9902 7.97852 2.36 0.109126
13.9531 8.01563 2.36 0.104961
13.9531 8.05274 2.36 0.131973
13.916 8.08985 2.4 0.104961
13.916 8.12696 2.4 0.131973
13.916 8.16407 2.44 0.131973
13.8789 8.20118 2.48 0.131973
13.8789 8.20118 2.52 0.131973
13.8789 8.23829 2.56 0.131973
13.8789 8.2754 2.6 0.104961
13.8789 8.31251 2.64 0.109126
13.8789 8.34961 2.68 0.109126
13.916 8.38672 2.72 0.0742188
13.916 8.42383 2.76 0.08
13.916 8.46094 2.76 0.08
13.916 8.49805 2.76 0.08
13.916 8.53516 2.76 0.08
13.8789 8.57227 2.76 0.0742188
13.916 8.60938 2.72 0.08
13.8789 8.64649 2.68 0.104961
13.8789 8.6836 2.68 0.109126
13.8418 8.72071 2.64 0.131973
13.8047 8.75782 2.6 0.176376
13.7676 8.79493 2.6 0.131973
13.7305 8.79493 2.6 0.168623
13.6934 8.83204 2.6 0.176376
13.6563 8.86915 2.6 0.184234
13.6563 8.90626 2.6 0.218252
13.6191 8.94337 2.64 0.218252
13.6563 8.98047 2.64 0.176376
13.6191 9.01758 2.68 0.176376
13.6191 9.05469 2.68 0.218252
13.6191 9.0918 2.68 0.218252
13.6191 9.12891 2.72 0.176376
13.582 9.16602 2.76 0.176376
13.582 9.20313 2.76 0.218252
13.5449 9.24024 2.8 0.176376
13.5449 9.27735 2.8 0.176376
13.5078 9.31446 2.84 0.16
13.4707 9.35157 2.84 0.16
13.4336 9.38868 2.88 0.176376
13.3965 9.42579 2.92 0.184234
35
13.3965 9.42579 2.92 0.184234
13.3965 9.42579 2.96 0.176376
13.4336 9.4629 3 0.109126
13.4336 9.42579 3.04 0.109126
13.4707 9.4629 3.08 0.08
13.5078 9.42579 3.12 0.0742188
13.5449 9.38868 3.12 0.08
13.582 9.38868 3.12 0.08
13.6191 9.35157 3.12 0.08
13.6563 9.31446 3.16 0.08
13.6934 9.27735 3.16 0.08
13.7305 9.24024 3.16 0.08
13.6934 9.20313 3.16 0.109126
13.7305 9.16602 3.16 0.109126
13.7676 9.12891 3.12 0.109126
13.8047 9.0918 3.12 0.131973
13.8418 9.05469 3.12 0.131973
13.8789 9.01758 3.12 0.109126
13.916 8.98047 3.08 0.109126
13.9531 8.94337 3.08 0.104961
13.9902 8.90626 3.08 0.109126
14.0274 8.86915 3.12 0.08
14.0645 8.83204 3.12 0.08
14.0645 8.79493 3.16 0.0742188
14.1016 8.75782 3.2 0.0742188
14.1387 8.72071 3.24 0.08
14.1387 8.6836 3.28 0.109126
14.1387 8.64649 3.28 0.104961
14.1758 8.60938 3.32 0.08
14.1387 8.57227 3.32 0.109126
14.1387 8.53516 3.36 0.0742188
14.1387 8.49805 3.36 0.0742188
14.1016 8.46094 3.36 0.0742188
14.1016 8.42383 3.36 0.0742188
14.1016 8.38672 3.36 0.0742188
155
13.2481 2.33789 4.52 0.148438
13.2109 2.33789 4.56 0.148438
13.1738 2.33789 4.6 0.165958
13.1367 2.33789 4.64 0.168623
13.0996 2.33789 4.68 0.176376
13.0625 2.33789 4.68 0.176376
13.0254 2.30078 4.72 0.168623
12.9883 2.30078 4.72 0.218252
12.9512 2.30078 4.72 0.218252
12.9141 2.26367 4.76 0.176376
12.877 2.26367 4.76 0.218252
12.8399 2.26367 4.76 0.218252
12.8027 2.22656 4.8 0.176376
12.7656 2.22656 4.8 0.209922
12.7285 2.18945 4.84 0.176376
12.6914 2.18945 4.84 0.218252
12.6543 2.18945 4.88 0.168623
12.6172 2.18945 4.92 0.168623
12.5801 2.18945 4.96 0.168623
12.543 2.18945 5 0.165958
12.543 2.18945 5.04 0.165958
12.543 2.18945 5.08 0.148438
12.5059 2.22656 5.12 0.148438
12.5059 2.26367 5.16 0.165958
12.5059 2.30078 5.2 0.148438
12.543 2.33789 5.24 0.176376
12.543 2.375 5.28 0.168623
12.543 2.41211 5.32 0.148438
12.5801 2.41211 5.36 0.168623
12.5801 2.44922 5.4 0.165958
12.5801 2.48633 5.4 0.168623
12.5801 2.52344 5.44 0.148438
12.5801 2.56055 5.48 0.131973
12.543 2.59766 5.52 0.165958
12.5059 2.63477 5.52 0.165958
12.4688 2.67188 5.56 0.131973
12.4316 2.70899 5.56 0.131973
12.3945 2.7461 5.56 0.131973
12.3574 2.7832 5.52 0.165958
12.3574 2.82031 5.52 0.131973
12.3203 2.85742 5.52 0.131973
12.2832 2.89453 5.48 0.131973
12.2461 2.93164 5.48 0.131973
12.209 2.96875 5.48 0.109126
12.1719 3.00586 5.44 0.109126
12.1348 3.04297 5.44 0.109126
12.0977 3.08008 5.44 0.109126
12.0606 3.11719 5.48 0.109126
12.0234 3.1543 5.52 0.109126
11.9863 3.19141 5.52 0.131973
11.9863 3.22852 5.56 0.109126
11.9492 3.22852 5.6 0.131973
11.9492 3.26563 5.64 0.104961
11.9121 3.30274 5.68 0.131973
11.9121 3.30274 5.72 0.148438
11.9121 3.30274 5.76 0.148438
11.9121 3.30274 5.8 0.148438
11.9121 3.30274 5.84 0.148438
11.9492 3.33985 5.88 0.131973
11.9492 3.33985 5.92 0.148438
11.9492 3.33985 5.96 0.148438
11.9492 3.33985 6 0.148438
11.9492 3.37696 6.04 0.131973
11.9492 3.37696 6.08 0.148438
11.9863 3.41406 6.12 0.131973
11.9863 3.41406 6.16 0.131973
11.9492 3.45117 6.2 0.131973
11.9492 3.48828 6.24 0.148438
11.9492 3.52539 6.28 0.131973
11.9492 3.5625 6.28 0.148438
11.9121 3.59961 6.32 0.131973
11.9121 3.63672 6.32 0.148438
11.9121 3.67383 6.36 0.16
11.9121 3.71094 6.36 0.148438
11.9121 3.74805 6.36 0.148438
11.9121 3.78516 6.36 0.148438
11.9121 3.82227 6.36 0.16
11.9121 3.85938 6.4 0.16
11.9121 3.89649 6.4 0.16
11.9121 3.9336 6.4 0.148438
11.9121 3.97071 6.4 0.168623
11.9121 4.00782 6.44 0.148438
11.9121 4.04492 6.44 0.148438
11.9492 4.08203 6.44 0.148438
11.9492 4.11914 6.44 0.148438
11.9492 4.15625 6.48 0.16
11.9492 4.19336 6.48 0.176376
11.9492 4.23047 6.52 0.168623
11.9492 4.26758 6.52 0.168623
11.9492 4.30469 6.56 0.165958
11.9492 4.3418 6.6 0.165958
11.9121 4.37891 6.64 0.165958
11.9121 4.41602 6.68 0.168623
11.875 4.45313 6.72 0.176376
11.8379 4.45313 6.72 0.165958
11.8008 4.49024 6.76 0.165958
11.7637 4.49024 6.8 0.165958
11.7266 4.52735 6.8 0.176376
11.6895 4.52735 6.84 0.168623
11.6524 4.56446 6.84 0.168623
11.6152 4.56446 6.84 0.176376
11.5781 4.60157 6.88 0.16
11.541 4.60157 6.88 0.176376
11.5039 4.60157 6.88 0.165958
11.4668 4.63867 6.88 0.165958
11.4297 4.67578 6.88 0.176376
11.3926 4.71289 6.88 0.165958
11.3555 4.75 6.92 0.131973
11.3555 4.78711 6.88 0.165958
11.3555 4.82422 6.88 0.148438
11.3184 4.86133 6.88 0.148438
11.3184 4.89844 6.92 0.148438
11.3184 4.93555 6.88 0.165958
11.3184 4.97266 6.88 0.168623
11.3184 5.00977 6.88 0.168623
11.3184 5.04688 6.92 0.168623
11.3184 5.08399 6.92 0.176376
11.3184 5.1211 6.92 0.176376
11.3184 5.15821 6.92 0.191355
11.3184 5.19532 6.92 0.218252
11.3184 5.23243 6.92 0.218252
11.3184 5.26953 6.92 0.218252
11.3184 5.30664 6.92 0.218252
11.3184 5.34375 6.92 0.218252
11.3184 5.38086 6.92 0.218252
11.3184 5.41797 6.92 0.218252
11.3184 5.45508 6.92 0.168623
11.2813 5.49219 6.92 0.176376
11.2813 5.5293 6.92 0.165958
11.2441 5.56641 6.92 0.176376
11.207 5.60352 6.88 0.176376
11.1699 5.64063 6.88 0.176376
11.1328 5.67774 6.92 0.16
11.0957 5.71485 6.92 0.16
11.0586 5.71485 6.92 0.16
11.0215 5.71485 6.92 0.176376
10.9844 5.71485 6.92 0.176376
10.9473 5.71485 6.96 0.184234
10.9102 5.71485 7 0.218252
10.8731 5.71485 7.04 0.209922
10.8359 5.71485 7.08 0.184234
10.8359 5.71485 7.12 0.209922
10.8359 5.71485 7.16 0.209922
10.8359 5.71485 7.2 0.209922
10.8359 5.71485 7.24 0.209922
10.8359 5.71485 7.28 0.209922
10.7988 5.71485 7.32 0.209922
10.7988 5.71485 7.36 0.209922
10.7988 5.75196 7.4 0.209922
10.8359 5.75196 7.44 0.209922
10.8359 5.78907 7.48 0.218252
10.8359 5.78907 7.52 0.218252
10.8359 5.82618 7.56 0.218252
10.8359 5.86329 7.6 0.209922
10.7988 5.90039 7.64 0.22465
7
10.8359 5.90039 7.68 0.230526
10.8731 5.86329 7.72 0.22465
10.9102 5.86329 7.76 0.22465
10.9473 5.86329 7.8 0.218252
10.9844 5.82618 7.84 0.218252
11.0215 5.82618 7.84 0.230526
11.0586 5.82618 7.88 0.230526
73
12.7285 4.97266 6.76 0.209922
12.6914 5.00977 6.8 0.168623
12.6543 5.04688 6.84 0.168623
12.6172 5.04688 6.84 0.168623
12.5801 5.04688 6.8 0.191355
12.543 5.04688 6.8 0.176376
12.5059 5.04688 6.8 0.176376
12.4688 5.04688 6.8 0.16
12.4316 5.00977 6.8 0.16
12.3945 5.00977 6.76 0.16
12.3574 4.97266 6.76 0.16
12.3203 4.97266 6.76 0.131973
12.2832 4.93555 6.76 0.131973
12.2461 4.89844 6.8 0.176376
12.209 4.86133 6.84 0.168623
12.1719 4.82422 6.88 0.218252
12.1348 4.82422 6.92 0.218252
12.1348 4.78711 6.96 0.230526
12.1348 4.78711 7 0.222656
12.1348 4.78711 7.04 0.209922
12.0977 4.82422 7.08 0.22465
12.0977 4.82422 7.12 0.209922
12.0977 4.86133 7.16 0.22465
12.0977 4.89844 7.2 0.230526
12.0977 4.93555 7.24 0.22465
12.0977 4.97266 7.24 0.218252
12.0977 5.00977 7.28 0.230526
12.0977 5.04688 7.28 0.218252
12.0977 5.08399 7.32 0.218252
12.0977 5.1211 7.32 0.218252
12.0977 5.15821 7.32 0.218252
12.0977 5.19532 7.36 0.218252
12.0977 5.23243 7.36 0.218252
12.0977 5.26953 7.36 0.218252
12.0977 5.30664 7.36 0.218252
12.1348 5.34375 7.4 0.218252
12.1348 5.38086 7.4 0.218252
12.1348 5.41797 7.4 0.218252
12.1348 5.45508 7.44 0.218252
12.1348 5.49219 7.44 0.218252
12.0977 5.5293 7.44 0.184234
12.1348 5.56641 7.48 0.218252
12.0977 5.60352 7.48 0.22465
12.0977 5.64063 7.48 0.218252
12.0977 5.67774 7.52 0.218252
12.0606 5.71485 7.56 0.209922
12.0606 5.75196 7.56 0.230526
12.0234 5.78907 7.6 0.22465
11.9863 5.82618 7.64 0.230526
11.9492 5.86329 7.68 0.209922
11.9121 5.90039 7.72 0.218252
11.875 5.90039 7.76 0.218252
11.8379 5.90039 7.76 0.22465
11.8008 5.9375 7.8 0.218252
11.7637 5.9375 7.84 0.218252
11.7266 5.9375 7.88 0.218252
11.6895 5.9375 7.88 0.230526
11.6524 5.9375 7.92 0.218252
11.6152 5.9375 7.92 0.218252
11.5781 5.9375 7.92 0.218252
11.541 5.90039 7.96 0.222656
11.5039 5.90039 7.96 0.263946
11.4668 5.90039 7.96 0.230526
11.4297 5.90039 7.96 0.218252
11.3926 5.86329 7.96 0.230526
11.3555 5.86329 7.96 0.24
11.3184 5.86329 7.96 0.230526
11.2813 5.86329 7.96 0.218252
11.2441 5.86329 7.92 0.218252
11.207 5.82618 7.92 0.230526
11.1699 5.82618 7.92 0.230526
11.1328 5.82618 7.88 0.230526
11.0957 5.82618 7.88 0.263946
7
11.0586 5.78907 7.92 0.176376
11.0215 5.75196 7.92 0.176376
10.9844 5.71485 7.92 0.148438
10.9844 5.67774 7.92 0.131973
10.9844 5.64063 7.96 0.109126
10.9844 5.60352 7.96 0.109126
10.9844 5.56641 7.96 0.131973
23
12.9883 5.60352 6.28 0.08
12.9512 5.56641 6.28 0.109126
12.9141 5.5293 6.28 0.109126
12.9141 5.49219 6.32 0.08
12.877 5.45508 6.32 0.109126
12.877 5.41797 6.36 0.08
12.877 5.38086 6.36 0.08
12.8399 5.34375 6.4 0.0742188
12.8399 5.30664 6.36 0.109126
12.8399 5.26953 6.36 0.109126
12.877 5.23243 6.36 0.109126
12.877 5.19532 6.4 0.109126
12.9141 5.15821 6.44 0.109126
12.9141 5.1211 6.44 0.176376
12.9512 5.08399 6.48 0.131973
12.9141 5.04688 6.52 0.165958
12.9141 5.04688 6.56 0.165958
12.9141 5.00977 6.6 0.168623
12.877 5.00977 6.64 0.148438
12.8399 5.00977 6.68 0.148438
12.8027 5.00977 6.68 0.148438
12.7656 5.00977 6.72 0.168623
12.7285 4.97266 6.76 0.209922
27
12.9883 4.52735 6.32 0.0742188
12.9512 4.49024 6.36 0.0742188
12.9141 4.45313 6.36 0.0742188
12.877 4.41602 6.4 0.08
12.8399 4.37891 6.36 0.109126
12.8027 4.3418 6.4 0.08
12.7656 4.30469 6.44 0.109126
12.7656 4.26758 6.48 0.148438
12.7285 4.30469 6.52 0.148438
12.6914 4.3418 6.56 0.131973
12.6914 4.37891 6.6 0.131973
12.6914 4.41602 6.64 0.131973
12.6914 4.45313 6.68 0.131973
12.6914 4.49024 6.68 0.148438
12.6914 4.52735 6.68 0.131973
12.7285 4.56446 6.72 0.109126
12.7285 4.60157 6.72 0.131973
12.7285 4.63867 6.72 0.16
12.7285 4.67578 6.72 0.148438
12.7285 4.71289 6.72 0.148438
12.7285 4.75 6.72 0.131973
12.7656 4.78711 6.76 0.109126
12.7656 4.82422 6.76 0.131973
12.7656 4.86133 6.76 0.16
12.7656 4.89844 6.76 0.16
12.7656 4.93555 6.76 0.16
12.7285 4.97266 6.76 0.209922
98
4.11914 4.11914 4 0.324887
4.11914 4.11914 4.04 0.314884
4.11914 4.11914 4.08 0.314884
4.11914 4.11914 4.12 0.314884
4.11914 4.11914 4.16 0.314884
4.15625 4.11914 4.2 0.296875
4.15625 4.11914 4.24 0.307465
4.15625 4.11914 4.28 0.331917
4.15625 4.11914 4.32 0.324887
4.15625 4.11914 4.36 0.314884
4.19336 4.11914 4.4 0.296875
4.19336 4.11914 4.44 0.314884
4.19336 4.11914 4.48 0.314884
4.19336 4.08203 4.52 0.314884
4.19336 4.08203 4.56 0.314884
4.23047 4.08203 4.6 0.296875
4.23047 4.08203 4.64 0.296875
4.23047 4.08203 4.68 0.314884
4.26758 4.08203 4.72 0.314884
4.26758 4.08203 4.76 0.324887
4.26758 4.08203 4.8 0.327377
4.30469 4.08203 4.84 0.314884
4.30469 4.08203 4.88 0.314884
4.30469 4.08203 4.92 0.314884
4.3418 4.08203 4.96 0.314884
4.3418 4.08203 5 0.314884
4.3418 4.08203 5.04 0.314884
4.3418 4.08203 5.08 0.314884
4.3418 4.08203 5.12 0.314884
4.37891 4.11914 5.16 0.314884
4.37891 4.11914 5.2 0.327377
4.41602 4.11914 5.24 0.279302
4.41602 4.11914 5.28 0.327377
4.45313 4.11914 5.32 0.296875
4.45313 4.11914 5.36 0.28405
4.49024 4.11914 5.4 0.327377
4.52735 4.11914 5.44 0.279302
4.52735 4.11914 5.48 0.327377
4.56446 4.08203 5.52 0.314884
4.60157 4.08203 5.56 0.314884
4.63867 4.08203 5.6 0.327377
4.63867 4.11914 5.64 0.327377
4.67578 4.08203 5.68 0.314884
4.71289 4.08203 5.72 0.327377
4.75 4.11914 5.76 0.327377
4.78711 4.08203 5.76 0.335685
4.82422 4.11914 5.8 0.335685
4.86133 4.11914 5.84 0.335685
4.89844 4.11914 5.84 0.335685
4.93555 4.11914 5.88 0.359457
4.97266 4.11914 5.88 0.359457
5.00977 4.11914 5.88 0.335685
5.04688 4.15625 5.92 0.335685
5.08399 4.15625 5.92 0.327377
5.1211 4.15625 5.96 0.335685
5.15821 4.15625 5.96 0.335685
5.19532 4.15625 6 0.327377
5.23243 4.15625 6 0.327377
5.26953 4.19336 6 0.327377
5.30664 4.19336 6 0.327377
5.34375 4.19336 6.04 0.327377
5.38086 4.19336 6.04 0.327377
5.41797 4.19336 6.04 0.327377
5.45508 4.19336 6.04 0.327377
5.49219 4.23047 6.04 0.327377
5.5293 4.23047 6.04 0.327377
5.56641 4.23047 6.04 0.327377
5.60352 4.23047 6.04 0.327377
5.64063 4.26758 6.04 0.327377
5.67774 4.26758 6.04 0.327377
5.71485 4.26758 6.04 0.327377
5.75196 4.30469 6.04 0.327377
5.78907 4.30469 6.04 0.327377
5.82618 4.3418 6.04 0.314884
5.86329 4.3418 6.04 0.335685
5.90039 4.3418 6.04 0.327377
5.9375 4.37891 6.04 0.32
5.97461 4.37891 6.04 0.327377
6.01172 4.41602 6 0.291791
6.04883 4.41602 6 0.327377
6.08594 4.45313 6 0.314884
6.12305 4.45313 6 0.327377
6.16016 4.49024 6 0.314884
6.19727 4.49024 6 0.28405
6.23438 4.52735 6 0.291791
6.27149 4.56446 6 0.282194
6.3086 4.56446 5.96 0.291791
6.34571 4.60157 5.96 0.282194
6.38282 4.60157 6 0.2676
6.41993 4.63867 6 0.2676
6.45704 4.67578 6 0.2676
6.49414 4.71289 6 0.2676
6.53125 4.75 6.04 0.251214
6.53125 4.78711 6.04 0.251214
6.56836 4.82422 6.04 0.2676
6.53125 4.86133 6.08 0.218252
6.56836 4.89844 6.08 0.165958
6.60547 4.93555 6.04 0.0742188
89
6.27149 6.93946 1.72 0.230526
6.23438 6.90235 1.72 0.230526
6.19727 6.86524 1.72 0.24
6.16016 6.82813 1.72 0.24
6.12305 6.82813 1.72 0.251214
6.08594 6.79102 1.72 0.24
6.04883 6.75391 1.76 0.230526
6.01172 6.7168 1.76 0.230526
5.97461 6.7168 1.76 0.230526
5.9375 6.67969 1.8 0.218252
5.90039 6.64258 1.8 0.230526
5.86329 6.64258 1.8 0.230526
5.82618 6.60547 1.8 0.230526
5.78907 6.56836 1.8 0.230526
5.75196 6.53125 1.84 0.218252
5.71485 6.49414 1.84 0.230526
5.67774 6.45704 1.84 0.230526
5.64063 6.45704 1.84 0.230526
5.60352 6.41993 1.84 0.230526
5.56641 6.38282 1.84 0.218252
5.5293 6.34571 1.88 0.218252
5.49219 6.3086 1.88 0.230526
5.45508 6.27149 1.88 0.230526
5.41797 6.27149 1.88 0.218252
5.38086 6.23438 1.88 0.218252
5.34375 6.19727 1.88 0.218252
5.30664 6.16016 1.92 0.191355
5.26953 6.12305 1.92 0.218252
5.23243 6.08594 1.92 0.230526
5.23243 6.04883 1.92 0.230526
5.19532 6.01172 1.96 0.218252
5.15821 5.97461 1.96 0.24
5.1211 5.9375 1.96 0.251214
5.08399 5.90039 2 0.263946
5.04688 5.86329 2 0.263946
5.00977 5.82618 2.04 0.263946
4.97266 5.78907 2.04 0.261948
4.93555 5.75196 2.08 0.282194
4.89844 5.71485 2.12 0.263946
4.89844 5.67774 2.12 0.261948
4.86133 5.64063 2.16 0.282194
4.82422 5.60352 2.2 0.263946
4.78711 5.56641 2.24 0.263946
4.78711 5.5293 2.24 0.274182
4.75 5.49219 2.28 0.261948
4.71289 5.45508 2.28 0.251214
4.67578 5.41797 2.32 0.274182
4.67578 5.38086 2.36 0.291791
4.63867 5.34375 2.4 0.327377
4.60157 5.30664 2.44 0.282194
4.56446 5.26953 2.48 0.263946
4.56446 5.23243 2.48 0.274182
4.52735 5.19532 2.52 0.282194
4.49024 5.15821 2.56 0.274182
4.45313 5.1211 2.6 0.263946
4.41602 5.08399 2.64 0.263946
4.41602 5.04688 2.68 0.263946
4.37891 5.00977 2.72 0.263946
4.37891 4.97266 2.76 0.263946
4.3418 4.93555 2.8 0.274182
4.3418 4.89844 2.84 0.263946
4.30469 4.86133 2.88 0.274182
4.30469 4.82422 2.92 0.327377
4.30469 4.78711 2.96 0.2676
4.26758 4.75 3 0.327377
4.23047 4.75 3.04 0.274182
4.23047 4.71289 3.08 0.327377
4.23047 4.67578 3.12 0.327377
4.19336 4.67578 3.16 0.274182
4.19336 4.63867 3.2 0.274182
4.19336 4.60157 3.24 0.296875
4.19336 4.56446 3.28 0.274182
4.19336 4.56446 3.32 0.263946
4.19336 4.52735 3.36 0.263946
4.15625 4.49024 3.4 0.236592
4.19336 4.45313 3.44 0.263946
4.19336 4.41602 3.48 0.263946
4.19336 4.37891 3.52 0.263946
4.19336 4.3418 3.56 0.263946
4.15625 4.30469 3.6 0.263946
4.15625 4.26758 3.64 0.24796
4.15625 4.26758 3.68 0.274182
4.15625 4.23047 3.72 0.24796
4.15625 4.23047 3.76 0.274182
4.15625 4.23047 3.8 0.236592
4.15625 4.19336 3.84 0.274182
4.15625 4.19336 3.88 0.274182
4.11914 4.15625 3.92 0.291791
4.11914 4.11914 3.96 0.314884
16
4.11914 3.74805 3.36 0.218252
4.08203 3.74805 3.4 0.209922
4.04492 3.78516 3.44 0.209922
4.04492 3.78516 3.48 0.209922
4.04492 3.78516 3.52 0.209922
4.00782 3.82227 3.56 0.209922
4.00782 3.82227 3.6 0.209922
4.00782 3.82227 3.64 0.209922
4.00782 3.85938 3.68 0.209922
4.00782 3.85938 3.72 0.165958
4.00782 3.89649 3.76 0.165958
4.04492 3.9336 3.8 0.131973
4.04492 3.97071 3.84 0.176376
4.04492 4.00782 3.88 0.168623
4.08203 4.04492 3.92 0.22465
4.08203 4.08203 3.96 0.2347
128
10.4649 5.41797 1.28 0.08
10.4277 5.41797 1.32 0.0742188
10.3906 5.41797 1.28 0.109126
10.3535 5.41797 1.28 0.109126
10.3164 5.41797 1.28 0.109126
10.2793 5.41797 1.28 0.109126
10.2422 5.41797 1.28 0.109126
10.2051 5.45508 1.28 0.109126
10.168 5.45508 1.28 0.109126
10.1309 5.49219 1.28 0.109126
10.0938 5.49219 1.28 0.104961
10.0566 5.5293 1.28 0.104961
10.0566 5.56641 1.28 0.109126
10.0195 5.60352 1.28 0.109126
9.98243 5.64063 1.28 0.131973
9.98243 5.67774 1.28 0.109126
9.94532 5.71485 1.28 0.131973
9.90821 5.75196 1.28 0.131973
9.90821 5.78907 1.28 0.131973
9.8711 5.82618 1.28 0.131973
9.8711 5.86329 1.28 0.104961
9.83399 5.90039 1.28 0.109126
9.79688 5.9375 1.28 0.109126
9.75977 5.9375 1.28 0.104961
9.72266 5.97461 1.32 0.0742188
9.68555 5.97461 1.28 0.109126
9.64844 6.01172 1.28 0.08
9.61133 6.01172 1.28 0.08
9.57422 6.01172 1.28 0.08
9.53712 6.01172 1.28 0.08
9.50001 5.97461 1.28 0.109126
9.4629 5.97461 1.28 0.109126
9.42579 5.97461 1.28 0.109126
9.38868 5.97461 1.28 0.109126
9.35157 5.97461 1.28 0.109126
9.31446 5.97461 1.28 0.109126
9.27735 5.97461 1.28 0.109126
9.24024 5.9375 1.32 0.109126
9.20313 5.97461 1.32 0.109126
9.16602 5.97461 1.32 0.109126
9.12891 5.97461 1.32 0.131973
9.0918 6.01172 1.32 0.109126
9.05469 6.04883 1.32 0.109126
9.01758 6.08594 1.28 0.109126
9.01758 6.12305 1.28 0.109126
8.98047 6.16016 1.28 0.109126
8.98047 6.19727 1.28 0.109126
8.98047 6.23438 1.28 0.131973
8.98047 6.27149 1.28 0.131973
8.98047 6.3086 1.28 0.109126
8.98047 6.34571 1.28 0.109126
8.94337 6.38282 1.28 0.131973
8.94337 6.41993 1.28 0.131973
8.94337 6.45704 1.28 0.109126
8.90626 6.49414 1.28 0.109126
8.90626 6.53125 1.28 0.109126
8.86915 6.56836 1.28 0.109126
8.86915 6.60547 1.28 0.109126
8.83204 6.64258 1.28 0.104961
8.79493 6.67969 1.28 0.131973
8.75782 6.7168 1.28 0.131973
8.72071 6.75391 1.28 0.131973
8.6836 6.79102 1.28 0.131973
8.64649 6.82813 1.28 0.131973
8.60938 6.86524 1.28 0.131973
8.57227 6.90235 1.32 0.109126
8.53516 6.90235 1.28 0.131973
8.49805 6.93946 1.32 0.131973
8.46094 6.93946 1.28 0.131973
8.42383 6.97657 1.32 0.16
8.38672 6.97657 1.32 0.148438
8.34961 7.01368 1.32 0.148438
8.31251 7.01368 1.32 0.176376
8.2754 7.01368 1.32 0.168623
8.23829 7.01368 1.32 0.168623
8.20118 7.01368 1.32 0.168623
8.16407 7.01368 1.32 0.165958
8.12696 7.05079 1.36 0.16
8.08985 7.05079 1.32 0.176376
8.05274 7.05079 1.36 0.16
8.01563 7.05079 1.36 0.16
7.97852 7.05079 1.36 0.16
7.94141 7.05079 1.36 0.176376
7.9043 7.05079 1.36 0.176376
7.86719 7.05079 1.36 0.176376
7.83008 7.05079 1.36 0.218252
7.79297 7.05079 1.36 0.218252
7.75586 7.05079 1.36 0.191355
7.71875 7.05079 1.36 0.176376
7.68165 7.05079 1.36 0.176376
7.64454 7.05079 1.4 0.176376
7.60743 7.05079 1.4 0.176376
7.57032 7.05079 1.4 0.176376
7.53321 7.05079 1.4 0.218252
7.4961 7.05079 1.4 0.218252
7.45899 7.05079 1.4 0.218252
7.42188 7.05079 1.4 0.218252
7.38477 7.05079 1.4 0.218252
7.34766 7.05079 1.4 0.191355
7.31055 7.01368 1.44 0.218252
7.27344 7.01368 1.44 0.218252
7.23633 7.05079 1.44 0.218252
7.19922 7.05079 1.44 0.191355
7.16211 7.01368 1.48 0.218252
7.125 7.01368 1.48 0.218252
7.0879 7.01368 1.48 0.218252
7.05079 7.01368 1.48 0.218252
7.01368 7.01368 1.48 0.218252
6.97657 6.97657 1.52 0.184234
6.93946 6.97657 1.52 0.218252
6.90235 6.97657 1.52 0.218252
6.86524 6.97657 1.52 0.218252
6.82813 6.97657 1.52 0.218252
6.79102 6.97657 1.56 0.218252
6.75391 6.97657 1.56 0.184234
6.7168 6.93946 1.56 0.218252
6.67969 6.93946 1.6 0.184234
6.64258 6.93946 1.6 0.184234
6.60547 6.93946 1.6 0.168623
6.56836 6.93946 1.6 0.168623
6.53125 6.90235 1.64 0.168623
6.49414 6.90235 1.64 0.218252
6.45704 6.90235 1.64 0.218252
6.41993 6.90235 1.64 0.191355
6.38282 6.90235 1.68 0.218252
6.34571 6.90235 1.68 0.230526
6.3086 6.90235 1.68 0.24
6.27149 6.93946 1.72 0.230526
35
6.27149 6.93946 1.72 0.230526
6.3086 6.97657 1.72 0.218252
6.3086 7.01368 1.72 0.218252
6.34571 7.05079 1.72 0.184234
6.34571 7.0879 1.72 0.218252
6.34571 7.125 1.72 0.168623
6.38282 7.16211 1.72 0.176376
6.41993 7.19922 1.76 0.176376
6.45704 7.23633 1.76 0.218252
6.49414 7.27344 1.76 0.209922
6.53125 7.31055 1.76 0.191355
6.56836 7.34766 1.8 0.176376
6.60547 7.38477 1.8 0.218252
6.64258 7.42188 1.8 0.218252
6.67969 7.45899 1.8 0.191355
6.7168 7.4961 1.84 0.176376
6.75391 7.53321 1.84 0.176376
6.79102 7.57032 1.84 0.176376
6.82813 7.60743 1.88 0.176376
6.86524 7.64454 1.88 0.191355
6.90235 7.68165 1.92 0.168623
6.93946 7.71875 1.92 0.176376
6.97657 7.75586 1.92 0.176376
7.01368 7.79297 1.96 0.176376
7.05079 7.79297 1.96 0.218252
7.0879 7.83008 2 0.176376
7.125 7.86719 2 0.218252
7.16211 7.9043 2.04 0.168623
7.19922 7.9043 2.04 0.218252
7.23633 7.94141 2.04 0.176376
7.27344 7.94141 2.08 0.16
7.31055 7.97852 2.08 0.176376
7.34766 7.97852 2.08 0.165958
7.38477 8.01563 2.08 0.165958
7.42188 8.01563 2.08 0.165958
16
4.37891 3.78516 2.76 0.131973
4.37891 3.82227 2.8 0.109126
4.3418 3.85938 2.84 0.109126
4.3418 3.85938 2.88 0.131973
4.30469 3.89649 2.92 0.104961
4.30469 3.89649 2.96 0.104961
4.30469 3.89649 3 0.109126
4.30469 3.9336 3.04 0.08
4.26758 3.9336 3.08 0.08
4.23047 3.9336 3.12 0.0742188
4.23047 3.89649 3.16 0.0742188
4.23047 3.89649 3.2 0.0742188
4.19336 3.85938 3.24 0.0742188
4.15625 3.82227 3.28 0.109126
4.11914 3.78516 3.32 0.168623
4.11914 3.74805 3.36 0.218252
101
7.4961 1.9668 3.28 0.104961
7.45899 1.92969 3.24 0.109126
7.42188 1.92969 3.24 0.109126
7.38477 1.92969 3.2 0.131973
7.34766 1.92969 3.2 0.131973
7.31055 1.89258 3.2 0.131973
7.27344 1.89258 3.2 0.148438
7.23633 1.89258 3.2 0.131973
7.19922 1.89258 3.24 0.131973
7.16211 1.89258 3.24 0.131973
7.125 1.89258 3.28 0.131973
7.125 1.89258 3.32 0.109126
7.0879 1.89258 3.36 0.109126
7.05079 1.89258 3.4 0.104961
7.05079 1.89258 3.44 0.104961
7.01368 1.89258 3.48 0.109126
7.01368 1.85547 3.52 0.104961
6.97657 1.85547 3.56 0.109126
6.97657 1.85547 3.6 0.104961
6.97657 1.85547 3.64 0.104961
6.93946 1.81836 3.68 0.131973
6.93946 1.85547 3.72 0.109126
6.90235 1.85547 3.76 0.131973
6.86524 1.85547 3.8 0.131973
6.86524 1.85547 3.84 0.148438
6.82813 1.89258 3.88 0.176376
6.79102 1.92969 3.92 0.16
6.75391 1.92969 3.92 0.16
6.7168 1.9668 3.92 0.16
6.67969 2.00391 3.92 0.16
6.64258 2.04102 3.92 0.131973
6.60547 2.04102 3.92 0.131973
6.56836 2.07813 3.88 0.148438
6.53125 2.07813 3.84 0.165958
6.49414 2.11524 3.8 0.131973
6.45704 2.11524 3.76 0.148438
6.41993 2.11524 3.72 0.131973
6.38282 2.15235 3.68 0.131973
6.34571 2.15235 3.64 0.148438
6.3086 2.15235 3.64 0.131973
6.27149 2.15235 3.6 0.148438
6.23438 2.18945 3.56 0.131973
6.19727 2.15235 3.56 0.131973
6.16016 2.18945 3.52 0.131973
6.12305 2.18945 3.52 0.109126
6.08594 2.18945 3.48 0.109126
6.04883 2.18945 3.48 0.104961
6.01172 2.22656 3.48 0.08
5.97461 2.22656 3.44 0.109126
5.9375 2.22656 3.44 0.131973
5.90039 2.22656 3.44 0.148438
5.86329 2.22656 3.44 0.131973
5.82618 2.26367 3.44 0.131973
5.78907 2.26367 3.44 0.16
5.75196 2.26367 3.44 0.131973
5.71485 2.30078 3.48 0.131973
5.67774 2.30078 3.48 0.16
5.64063 2.33789 3.48 0.131973
5.60352 2.33789 3.52 0.131973
5.56641 2.33789 3.52 0.16
5.5293 2.375 3.52 0.16
5.49219 2.41211 3.56 0.131973
5.45508 2.44922 3.56 0.16
5.41797 2.48633 3.56 0.131973
5.38086 2.48633 3.6 0.16
5.34375 2.52344 3.6 0.16
5.30664 2.56055 3.6 0.16
5.26953 2.59766 3.6 0.176376
5.23243 2.63477 3.6 0.16
5.19532 2.67188 3.6 0.16
5.15821 2.70899 3.6 0.176376
5.15821 2.7461 3.6 0.176376
5.1211 2.7832 3.6 0.176376
5.08399 2.82031 3.6 0.176376
5.04688 2.85742 3.6 0.16
5.00977 2.89453 3.56 0.16
4.97266 2.93164 3.56 0.176376
4.93555 2.96875 3.56 0.16
4.89844 3.00586 3.52 0.16
4.86133 3.04297 3.52 0.165958
4.86133 3.08008 3.52 0.176376
4.82422 3.11719 3.52 0.131973
4.78711 3.1543 3.48 0.131973
4.75 3.19141 3.48 0.131973
4.71289 3.22852 3.44 0.131973
4.67578 3.26563 3.44 0.131973
4.63867 3.30274 3.4 0.16
4.60157 3.33985 3.4 0.176376
4.56446 3.37696 3.36 0.176376
4.52735 3.41406 3.36 0.176376
4.49024 3.45117 3.36 0.176376
4.45313 3.48828 3.32 0.176376
4.41602 3.48828 3.32 0.176376
4.37891 3.52539 3.32 0.16
4.3418 3.5625 3.28 0.176376
4.30469 3.59961 3.28 0.176376
4.26758 3.59961 3.28 0.184234
4.23047 3.63672 3.28 0.176376
4.19336 3.67383 3.32 0.176376
4.15625 3.71094 3.32 0.209922
4.11914 3.74805 3.36 0.218252
43
8.90626 8.98047 1.4 0.0742188
8.86915 9.01758 1.4 0.08
8.83204 9.01758 1.44 0.0742188
8.79493 9.05469 1.44 0.08
8.75782 9.05469 1.48 0.0742188
8.72071 9.05469 1.48 0.08
8.6836 9.0918 1.52 0.0742188
8.64649 9.05469 1.56 0.0742188
8.60938 9.05469 1.6 0.0742188
8.57227 9.01758 1.64 0.0742188
8.53516 9.01758 1.68 0.0742188
8.49805 8.98047 1.72 0.104961
8.46094 8.94337 1.76 0.104961
8.46094 8.94337 1.8 0.104961
8.42383 8.90626 1.84 0.109126
8.38672 8.86915 1.88 0.131973
8.34961 8.83204 1.92 0.131973
8.34961 8.83204 1.96 0.109126
8.31251 8.79493 2 0.109126
8.2754 8.75782 2.04 0.131973
8.23829 8.72071 2.08 0.109126
8.20118 8.6836 2.12 0.109126
8.20118 8.64649 2.16 0.109126
8.16407 8.60938 2.16 0.109126
8.12696 8.57227 2.2 0.109126
8.08985 8.57227 2.2 0.104961
8.05274 8.53516 2.24 0.08
8.01563 8.49805 2.24 0.109126
7.97852 8.46094 2.24 0.104961
7.94141 8.42383 2.24 0.131973
7.9043 8.38672 2.24 0.131973
7.86719 8.34961 2.24 0.131973
7.83008 8.34961 2.24 0.131973
7.79297 8.31251 2.24 0.131973
7.75586 8.31251 2.24 0.109126
7.71875 8.2754 2.24 0.109126
7.68165 8.23829 2.24 0.109126
7.64454 8.20118 2.24 0.109126
7.60743 8.20118 2.24 0.08
7.57032 8.16407 2.2 0.109126
7.53321 8.12696 2.2 0.109126
7.4961 8.08985 2.16 0.109126
7.45899 8.05274 2.12 0.16
7
7.68165 8.05274 2 0.08
7.64454 8.01563 2 0.109126
7.60743 8.01563 2 0.109126
7.57032 8.01563 2.04 0.109126
7.53321 8.01563 2.04 0.131973
7.4961 8.01563 2.04 0.148438
7.45899 8.05274 2.08 0.148438
